POLYGON
lat-lon
referencePoint   -14.736369  -179.478013 out
 40.030754   10.072365
 39.834506  -10.012156
 19.864567   -9.860784
 19.985615    5.562880
 15.058413    5.345702
 15.400184  -10.168310
 -0.078647   -9.778468
 -0.004414    5.514116
 -5.144977    5.663401
 -5.412344   -9.842511
-10.070763   -9.746244
-10.082985    9.937307
  4.346352   10.078376
  3.785194   -5.304681
  9.903289   -5.178320
  9.858539   10.046608
 25.096623   10.454356
 25.852268   -4.816914
 34.299822   -4.514432
 34.008153   10.046251
