POLYGON
lat-lon
referencePoint 6.832128002460316 17.75404044442412 in
36.683559618301636 -10.79441961504396
30.034774970642584 -12.797254348233329
27.8194624455024 -16.6072429344894
21.242745850761505 -19.580988262578064
10.20738265503464 -19.97804010853433
5.95400247647067 -15.697682039800794
3.287973432546167 -9.25104554061429
2.587669080748005 -3.509449602307271
2.32370844814913 2.6865505387578534
1.4155934448785439 6.523660085678045
-2.017827105822838 8.215560210591198
-6.965053899583258 9.586807386406601
-12.703110562865389 11.34187597397707
-18.89842105950235 10.008759673227463
-24.55853213427421 10.61914468898038
-28.662781936078975 13.240864866762852
-37.69765905465987 19.736132892443475
-34.0365536157839 32.42377706389329
-30.463960778271346 39.82214768442433
-25.7895395085392 49.70077760653494
-19.0426372340762 52.16396797377812
-14.595677663610108 52.13351160930153
-8.556137252187563 48.450105132318335
-3.444865712688128 44.56525219375598
0.07029889057744143 46.49485344933958
7.126808164018475 53.34629660056913
12.960286414529092 57.188374755265066
11.911148288465338 44.09707821302476
19.55034762791153 39.0778849566867
28.619862417756977 33.82950708288556
31.496695002755896 31.20447765351339
31.919564407180033 26.49207420598085
33.33304669878591 19.987694327521922
35.3344288967055 15.562884369215572
37.473821963582424 9.630541679086884
36.1239251508317 0.11766304715035147
35.433043824341624 -5.649271101348817
