POLYGON3D
top layer 1.00000000000000 2
bottom layer 0.00000000000000 1
lat-lon
referencePoint  30.00000   90.00000 in
 60.000558   90.000000
 59.903438   93.571518
 59.614130   97.081106
 59.138594  100.471465
 58.486172  103.693704
 57.668823  106.709709
 56.700260  109.492921
 55.595130  112.027770
 54.368300  114.308175
 53.034321  116.335603
 51.607050  118.117053
 50.099433  119.663246
 48.523400  120.987109
 46.889848  122.102620
 45.208681  123.023967
 43.488886  123.764970
 41.738623  124.338721
 39.965321  124.757373
 38.175779  125.032040
 36.376251  125.172780
 34.572534  125.188615
 32.770037  125.087589
 30.973851  124.876844
 29.188801  124.562700
 27.419502  124.150741
 25.670391  123.645899
 23.945773  123.052540
 22.249841  122.374536
 20.586705  121.615346
 18.960411  120.778084
 17.374952  119.865588
 15.834280  118.880483
 14.342311  117.825239
 12.902927  116.702234
 11.519973  115.513806
 10.197248  114.262305
  8.938500  112.950144
  7.747409  111.579840
  6.627569  110.154061
  5.582468  108.675659
  4.615466  107.147705
  3.729767  105.573509
  2.928394  103.956644
  2.214154  102.300950
  1.589617  100.610542
  1.057078   98.889797
  0.618537   97.143342
  0.275667   95.376025
  0.029795   93.592887
 -0.118116   91.799115
 -0.167485   90.000000
 -0.118116   88.200885
  0.029795   86.407113
  0.275667   84.623975
  0.618537   82.856658
  1.057078   81.110203
  1.589617   79.389458
  2.214154   77.699050
  2.928394   76.043356
  3.729767   74.426491
  4.615466   72.852295
  5.582468   71.324341
  6.627569   69.845939
  7.747409   68.420160
  8.938500   67.049856
 10.197248   65.737695
 11.519973   64.486194
 12.902927   63.297766
 14.342311   62.174761
 15.834280   61.119517
 17.374952   60.134412
 18.960411   59.221916
 20.586705   58.384654
 22.249841   57.625464
 23.945773   56.947460
 25.670391   56.354101
 27.419502   55.849259
 29.188801   55.437300
 30.973851   55.123156
 32.770037   54.912411
 34.572534   54.811385
 36.376251   54.827220
 38.175779   54.967960
 39.965321   55.242627
 41.738623   55.661279
 43.488886   56.235030
 45.208681   56.976033
 46.889848   57.897380
 48.523400   59.012891
 50.099433   60.336754
 51.607050   61.882947
 53.034321   63.664397
 54.368300   65.691825
 55.595130   67.972230
 56.700260   70.507079
 57.668823   73.290291
 58.486172   76.306296
 59.138594   79.528535
 59.614130   82.918894
 59.903438   86.428482
