GEOTESSGRID
2
GridBuilder 0.0.0
Tue Oct 30 14:05:18 MDT 2012
#unique Grid ID:
074AB42FF14EB4DB071890950B7C678A
#geotess grid java: nTessellations, nLevels, nTriangles, nVertices:
3 6 540 162
#geotess grid tessellations:
0 1
1 3
3 6
#geotess grid levels:
0 20
20 40
40 120
120 140
140 220
220 540
#geotess grid vertices(unit_vectors):
0.0 0.0 1.0
0.2763932022500211 0.85065080835204 0.447213595499958
0.8944271909999159 0.0 0.4472135954999579
-0.7236067977499789 0.5257311121191338 0.4472135954999581
-0.7236067977499788 -0.5257311121191338 0.4472135954999579
0.2763932022500209 -0.8506508083520401 0.447213595499958
0.7236067977499792 0.5257311121191336 -0.447213595499958
-0.2763932022500208 0.8506508083520401 -0.4472135954999581
-0.894427190999916 -2.0E-16 -0.447213595499958
-0.2763932022500213 -0.85065080835204 -0.447213595499958
0.723606797749979 -0.5257311121191337 -0.447213595499958
0.0 0.0 -1.0
0.6881909602355868 0.5 0.5257311121191336
0.5257311121191336 0.0 0.85065080835204
0.16245984811645323 0.5000000000000001 0.85065080835204
-0.26286555605956674 0.8090169943749476 0.5257311121191337
-0.42532540417601994 0.3090169943749475 0.85065080835204
-0.85065080835204 0.0 0.5257311121191337
-0.4253254041760199 -0.30901699437494756 0.85065080835204
-0.26286555605956674 -0.8090169943749475 0.5257311121191336
0.1624598481164531 -0.5000000000000001 0.85065080835204
0.6881909602355867 -0.5000000000000001 0.5257311121191336
0.9510565162951536 0.30901699437494745 -3.262863603151051E-17
0.5877852522924732 0.8090169943749473 0.0
1.9577181618906303E-16 1.0 -6.525727206302101E-17
-0.5877852522924729 0.8090169943749476 0.0
-0.9510565162951536 0.30901699437494745 6.525727206302103E-17
-0.9510565162951535 -0.3090169943749477 -3.262863603151051E-17
-0.5877852522924731 -0.8090169943749476 -3.262863603151051E-17
-2.2840045222057353E-16 -1.0 0.0
0.5877852522924731 -0.8090169943749476 0.0
0.9510565162951535 -0.30901699437494745 -3.262863603151051E-17
0.85065080835204 -6.525727206302101E-17 -0.5257311121191336
0.262865556059567 0.8090169943749475 -0.5257311121191336
-0.6881909602355868 0.5 -0.5257311121191337
-0.6881909602355868 -0.5 -0.5257311121191335
0.2628655560595667 -0.8090169943749476 -0.5257311121191336
0.42532540417602005 -0.3090169943749475 -0.85065080835204
0.4253254041760201 0.30901699437494745 -0.85065080835204
-0.162459848116453 0.5000000000000001 -0.85065080835204
-0.5257311121191337 -1.1755705045849463E-16 -0.85065080835204
-0.16245984811645334 -0.5000000000000001 -0.85065080835204
0.36180339887498947 0.26286555605956685 0.8944271909999159
0.447213595499958 0.5257311121191336 0.723606797749979
0.6381966011250105 0.2628655560595668 0.723606797749979
0.2732665289126717 0.0 0.9619383577839176
0.08444400142786851 0.25989191300775444 0.9619383577839175
0.2281087175780628 0.7020464447761631 0.6746089254835289
0.5013752464907345 0.702046444776163 0.505720922627792
0.8226193177707807 0.2598919130077544 0.505720922627792
0.7381753163429122 0.0 0.6746089254835289
-0.13819660112501048 0.42532540417602005 0.8944271909999159
-0.36180339887498936 0.5877852522924731 0.7236067977499789
-0.05278640450004198 0.6881909602355868 0.7236067977499789
-0.22107726588420432 0.16062203564002317 0.9619383577839175
-0.5971963757495187 0.4338885645526949 0.6746089254835289
-0.5127523743216502 0.6937804775604494 0.505720922627792
0.007031451693858499 0.8626684804161862 0.505720922627792
-0.4472135954999579 -2.918393927182259E-17 0.894427190999916
-0.6708203932499368 -0.16245984811645323 0.723606797749979
-0.6708203932499369 0.1624598481164532 0.723606797749979
-0.2210772658842043 -0.1606220356400232 0.9619383577839175
-0.5971963757495187 -0.433888564552695 0.6746089254835289
-0.8182736416337231 -0.2732665289126718 0.505720922627792
-0.8182736416337232 0.2732665289126718 0.505720922627792
-0.1381966011250105 -0.42532540417602005 0.8944271909999159
-0.05278640450004207 -0.6881909602355868 0.723606797749979
-0.36180339887498947 -0.5877852522924731 0.723606797749979
0.08444400142786844 -0.25989191300775444 0.9619383577839175
0.22810871757806261 -0.7020464447761632 0.6746089254835289
0.007031451693858384 -0.8626684804161863 0.505720922627792
-0.5127523743216502 -0.6937804775604494 0.505720922627792
0.36180339887498947 -0.26286555605956685 0.894427190999916
0.6381966011250104 -0.26286555605956685 0.723606797749979
0.44721359549995787 -0.5257311121191337 0.723606797749979
0.8226193177707807 -0.2598919130077545 0.505720922627792
0.5013752464907343 -0.7020464447761633 0.505720922627792
0.670820393249937 0.6881909602355868 0.276393202250021
0.8090169943749476 0.5877852522924731 -1.7153889107776454E-17
0.8618033988749895 0.42532540417602 0.276393202250021
0.4491859834622671 0.862668480416186 0.23245439371512025
0.6816403771773875 0.6937804775604491 -0.23245439371512025
0.8704629046621906 0.43388856455269476 -0.23245439371512028
0.9592525822271166 0.16062203564002317 0.23245439371512025
-0.44721359549995776 0.85065080835204 0.27639320225002106
-0.30901699437494723 0.9510565162951536 -3.430777821555291E-17
-0.13819660112501037 0.9510565162951536 0.276393202250021
-0.6816403771773872 0.6937804775604494 0.23245439371512033
-0.4491859834622668 0.8626684804161863 -0.2324543937151203
-0.14366471615019402 0.9619383577839176 -0.23245439371512036
0.14366471615019444 0.9619383577839175 0.23245439371512025
-0.9472135954999579 -0.16245984811645328 0.27639320225002106
-1.0 -1.1673575708729036E-16 1.7153889107776454E-17
-0.9472135954999579 0.16245984811645317 0.2763932022500211
-0.8704629046621905 -0.43388856455269503 0.23245439371512022
-0.9592525822271165 -0.16062203564002336 -0.2324543937151203
-0.9592525822271165 0.160622035640023 -0.23245439371512022
-0.8704629046621905 0.43388856455269487 0.23245439371512036
-0.13819660112501062 -0.9510565162951536 0.276393202250021
-0.3090169943749475 -0.9510565162951535 -1.7153889107776454E-17
-0.4472135954999579 -0.85065080835204 0.276393202250021
0.14366471615019408 -0.9619383577839176 0.23245439371512028
-0.14366471615019452 -0.9619383577839175 -0.23245439371512028
-0.4491859834622671 -0.8626684804161862 -0.23245439371512028
-0.6816403771773873 -0.6937804775604494 0.23245439371512022
0.8618033988749895 -0.42532540417602005 0.276393202250021
0.8090169943749473 -0.5877852522924731 -1.7153889107776457E-17
0.6708203932499369 -0.6881909602355869 0.276393202250021
0.9592525822271166 -0.16062203564002317 0.23245439371512025
0.8704629046621905 -0.4338885645526948 -0.23245439371512028
0.6816403771773872 -0.6937804775604494 -0.23245439371512025
0.4491859834622669 -0.8626684804161863 0.23245439371512025
1.0 0.0 -3.430777821555291E-17
0.947213595499958 0.16245984811645314 -0.276393202250021
0.947213595499958 -0.16245984811645323 -0.276393202250021
0.8182736416337233 0.2732665289126716 -0.505720922627792
0.8182736416337232 -0.2732665289126718 -0.5057209226277919
0.30901699437494756 0.9510565162951535 -3.43077782155529E-17
0.13819660112501073 0.9510565162951535 -0.27639320225002106
0.4472135954999581 0.8506508083520399 -0.276393202250021
-0.007031451693858181 0.8626684804161862 -0.505720922627792
0.5127523743216506 0.6937804775604491 -0.505720922627792
-0.8090169943749473 0.5877852522924731 3.4307778215552914E-17
-0.8618033988749895 0.42532540417602 -0.276393202250021
-0.6708203932499368 0.6881909602355868 -0.2763932022500211
-0.8226193177707807 0.25989191300775427 -0.505720922627792
-0.5013752464907343 0.7020464447761631 -0.5057209226277921
-0.8090169943749473 -0.5877852522924734 -3.430777821555291E-17
-0.670820393249937 -0.6881909602355868 -0.27639320225002095
-0.8618033988749895 -0.4253254041760201 -0.27639320225002095
-0.5013752464907346 -0.702046444776163 -0.5057209226277919
-0.8226193177707807 -0.2598919130077545 -0.5057209226277919
0.30901699437494734 -0.9510565162951536 0.0
0.44721359549995787 -0.85065080835204 -0.276393202250021
0.13819660112501034 -0.9510565162951536 -0.276393202250021
0.5127523743216502 -0.6937804775604494 -0.5057209226277919
-0.007031451693858615 -0.8626684804161863 -0.505720922627792
0.6708203932499369 0.16245984811645314 -0.7236067977499789
0.447213595499958 -2.918393927182259E-17 -0.8944271909999159
0.6708203932499369 -0.16245984811645323 -0.7236067977499789
0.597196375749519 0.43388856455269476 -0.6746089254835289
0.2210772658842044 0.16062203564002314 -0.9619383577839175
0.22107726588420437 -0.16062203564002317 -0.9619383577839175
0.5971963757495189 -0.4338885645526948 -0.6746089254835289
0.05278640450004226 0.6881909602355868 -0.723606797749979
0.13819660112501064 0.42532540417602 -0.8944271909999159
0.36180339887498963 0.5877852522924731 -0.7236067977499789
-0.2281087175780625 0.7020464447761631 -0.6746089254835289
-0.0844440014278684 0.25989191300775444 -0.9619383577839175
-0.6381966011250105 0.2628655560595667 -0.7236067977499789
-0.36180339887498947 0.2628655560595668 -0.894427190999916
-0.4472135954999578 0.5257311121191336 -0.723606797749979
-0.7381753163429122 -1.650610186655163E-16 -0.6746089254835289
-0.2732665289126717 -6.110425346241456E-17 -0.9619383577839175
-0.44721359549995804 -0.5257311121191336 -0.7236067977499789
-0.3618033988749896 -0.2628655560595669 -0.8944271909999159
-0.6381966011250106 -0.26286555605956685 -0.7236067977499789
-0.22810871757806292 -0.7020464447761631 -0.6746089254835289
-0.08444400142786856 -0.25989191300775444 -0.9619383577839175
0.3618033988749894 -0.5877852522924732 -0.7236067977499789
0.13819660112501048 -0.42532540417602005 -0.8944271909999159
0.052786404500041906 -0.6881909602355869 -0.7236067977499789
#geotess grid triangles:
0 1 2
0 3 1
0 4 3
0 5 4
0 2 5
1 6 2
3 7 1
4 8 3
5 9 4
2 10 5
2 6 10
1 7 6
3 8 7
4 9 8
5 10 9
6 11 10
7 11 6
8 11 7
9 11 8
10 11 9
0 1 2
0 3 1
0 4 3
0 5 4
0 2 5
1 6 2
3 7 1
4 8 3
5 9 4
2 10 5
2 6 10
1 7 6
3 8 7
4 9 8
5 10 9
6 11 10
7 11 6
8 11 7
9 11 8
10 11 9
12 13 14
0 14 13
1 12 14
2 13 12
15 14 16
0 16 14
3 15 16
1 14 15
17 16 18
0 18 16
4 17 18
3 16 17
19 18 20
0 20 18
5 19 20
4 18 19
21 20 13
0 13 20
2 21 13
5 20 21
22 12 23
1 23 12
6 22 23
2 12 22
24 15 25
3 25 15
7 24 25
1 15 24
26 17 27
4 27 17
8 26 27
3 17 26
28 19 29
5 29 19
9 28 29
4 19 28
30 21 31
2 31 21
10 30 31
5 21 30
32 31 22
2 22 31
6 32 22
10 31 32
33 23 24
1 24 23
7 33 24
6 23 33
34 25 26
3 26 25
8 34 26
7 25 34
35 27 28
4 28 27
9 35 28
8 27 35
36 29 30
5 30 29
10 36 30
9 29 36
37 32 38
6 38 32
11 37 38
10 32 37
38 33 39
7 39 33
11 38 39
6 33 38
39 34 40
8 40 34
11 39 40
7 34 39
40 35 41
9 41 35
11 40 41
8 35 40
41 36 37
10 37 36
11 41 37
9 36 41
0 1 2
0 3 1
0 4 3
0 5 4
0 2 5
1 6 2
3 7 1
4 8 3
5 9 4
2 10 5
2 6 10
1 7 6
3 8 7
4 9 8
5 10 9
6 11 10
7 11 6
8 11 7
9 11 8
10 11 9
12 13 14
0 14 13
1 12 14
2 13 12
15 14 16
0 16 14
3 15 16
1 14 15
17 16 18
0 18 16
4 17 18
3 16 17
19 18 20
0 20 18
5 19 20
4 18 19
21 20 13
0 13 20
2 21 13
5 20 21
22 12 23
1 23 12
6 22 23
2 12 22
24 15 25
3 25 15
7 24 25
1 15 24
26 17 27
4 27 17
8 26 27
3 17 26
28 19 29
5 29 19
9 28 29
4 19 28
30 21 31
2 31 21
10 30 31
5 21 30
32 31 22
2 22 31
6 32 22
10 31 32
33 23 24
1 24 23
7 33 24
6 23 33
34 25 26
3 26 25
8 34 26
7 25 34
35 27 28
4 28 27
9 35 28
8 27 35
36 29 30
5 30 29
10 36 30
9 29 36
37 32 38
6 38 32
11 37 38
10 32 37
38 33 39
7 39 33
11 38 39
6 33 38
39 34 40
8 40 34
11 39 40
7 34 39
40 35 41
9 41 35
11 40 41
8 35 40
41 36 37
10 37 36
11 41 37
9 36 41
42 43 44
12 44 43
13 42 44
14 43 42
42 45 46
0 46 45
14 42 46
13 45 42
43 47 48
1 48 47
12 43 48
14 47 43
44 49 50
2 50 49
13 44 50
12 49 44
51 52 53
15 53 52
14 51 53
16 52 51
51 46 54
0 54 46
16 51 54
14 46 51
52 55 56
3 56 55
15 52 56
16 55 52
53 57 47
1 47 57
14 53 47
15 57 53
58 59 60
17 60 59
16 58 60
18 59 58
58 54 61
0 61 54
18 58 61
16 54 58
59 62 63
4 63 62
17 59 63
18 62 59
60 64 55
3 55 64
16 60 55
17 64 60
65 66 67
19 67 66
18 65 67
20 66 65
65 61 68
0 68 61
20 65 68
18 61 65
66 69 70
5 70 69
19 66 70
20 69 66
67 71 62
4 62 71
18 67 62
19 71 67
72 73 74
21 74 73
20 72 74
13 73 72
72 68 45
0 45 68
13 72 45
20 68 72
73 50 75
2 75 50
21 73 75
13 50 73
74 76 69
5 69 76
20 74 69
21 76 74
77 78 79
22 79 78
12 77 79
23 78 77
77 48 80
1 80 48
23 77 80
12 48 77
78 81 82
6 82 81
22 78 82
23 81 78
79 83 49
2 49 83
12 79 49
22 83 79
84 85 86
24 86 85
15 84 86
25 85 84
84 56 87
3 87 56
25 84 87
15 56 84
85 88 89
7 89 88
24 85 89
25 88 85
86 90 57
1 57 90
15 86 57
24 90 86
91 92 93
26 93 92
17 91 93
27 92 91
91 63 94
4 94 63
27 91 94
17 63 91
92 95 96
8 96 95
26 92 96
27 95 92
93 97 64
3 64 97
17 93 64
26 97 93
98 99 100
28 100 99
19 98 100
29 99 98
98 70 101
5 101 70
29 98 101
19 70 98
99 102 103
9 103 102
28 99 103
29 102 99
100 104 71
4 71 104
19 100 71
28 104 100
105 106 107
30 107 106
21 105 107
31 106 105
105 75 108
2 108 75
31 105 108
21 75 105
106 109 110
10 110 109
30 106 110
31 109 106
107 111 76
5 76 111
21 107 76
30 111 107
112 113 114
32 114 113
31 112 114
22 113 112
112 108 83
2 83 108
22 112 83
31 108 112
113 82 115
6 115 82
32 113 115
22 82 113
114 116 109
10 109 116
31 114 109
32 116 114
117 118 119
33 119 118
23 117 119
24 118 117
117 80 90
1 90 80
24 117 90
23 80 117
118 89 120
7 120 89
33 118 120
24 89 118
119 121 81
6 81 121
23 119 81
33 121 119
122 123 124
34 124 123
25 122 124
26 123 122
122 87 97
3 97 87
26 122 97
25 87 122
123 96 125
8 125 96
34 123 125
26 96 123
124 126 88
7 88 126
25 124 88
34 126 124
127 128 129
35 129 128
27 127 129
28 128 127
127 94 104
4 104 94
28 127 104
27 94 127
128 103 130
9 130 103
35 128 130
28 103 128
129 131 95
8 95 131
27 129 95
35 131 129
132 133 134
36 134 133
29 132 134
30 133 132
132 101 111
5 111 101
30 132 111
29 101 132
133 110 135
10 135 110
36 133 135
30 110 133
134 136 102
9 102 136
29 134 102
36 136 134
137 138 139
37 139 138
32 137 139
38 138 137
137 115 140
6 140 115
38 137 140
32 115 137
138 141 142
11 142 141
37 138 142
38 141 138
139 143 116
10 116 143
32 139 116
37 143 139
144 145 146
38 146 145
33 144 146
39 145 144
144 120 147
7 147 120
39 144 147
33 120 144
145 148 141
11 141 148
38 145 141
39 148 145
146 140 121
6 121 140
33 146 121
38 140 146
149 150 151
39 151 150
34 149 151
40 150 149
149 125 152
8 152 125
40 149 152
34 125 149
150 153 148
11 148 153
39 150 148
40 153 150
151 147 126
7 126 147
34 151 126
39 147 151
154 155 156
40 156 155
35 154 156
41 155 154
154 130 157
9 157 130
41 154 157
35 130 154
155 158 153
11 153 158
40 155 153
41 158 155
156 152 131
8 131 152
35 156 131
40 152 156
159 160 161
41 161 160
36 159 161
37 160 159
159 135 143
10 143 135
37 159 143
36 135 159
160 142 158
11 158 142
41 160 158
37 142 160
161 157 136
9 136 157
36 161 136
41 157 161
